s 1 27
s 2 50
s 3 38
s 4 66
s 5 79
s 6 97
s 7 42
s 8 87
s 9 61
s 11 51
s 13 31
s 14 44
1 3 80
1 6 95
1 7 33
1 10 80
1 11 87
1 12 42
1 14 15
2 5 13
2 6 55
2 7 22
2 8 28
2 9 80
2 10 92
2 11 53
2 12 73
2 13 56
2 14 33
3 1 80
3 5 93
3 6 70
3 8 93
3 9 56
3 11 35
3 12 95
3 14 36
4 6 83
4 8 77
4 9 52
4 11 92
4 13 82
5 2 13
5 3 93
5 6 31
5 7 60
5 8 95
5 9 31
5 10 98
5 11 37
5 13 56
5 14 90
6 1 95
6 2 55
6 3 70
6 4 83
6 5 31
6 7 70
6 8 89
6 10 86
6 11 18
6 12 97
6 13 66
6 14 66
7 1 33
7 2 22
7 5 60
7 6 70
7 8 19
7 9 92
7 10 52
7 11 94
7 12 79
7 13 40
7 14 13
8 2 28
8 3 93
8 4 77
8 5 95
8 6 89
8 7 19
8 9 73
8 10 84
8 11 66
8 12 67
9 2 80
9 3 56
9 4 52
9 5 31
9 7 92
9 8 73
9 10 87
9 11 54
9 13 43
9 14 56
10 1 80
10 2 92
10 5 98
10 6 86
10 7 52
10 8 84
10 9 87
10 12 46
10 14 98
11 1 87
11 2 53
11 3 35
11 4 92
11 5 37
11 6 18
11 7 94
11 8 66
11 9 54
11 14 52
12 1 42
12 2 73
12 3 95
12 6 97
12 7 79
12 8 67
12 10 46
12 13 15
12 14 56
13 2 56
13 4 82
13 5 56
13 6 66
13 7 40
13 9 43
13 12 15
13 14 57
1 t 15
2 t 33
3 t 36
5 t 90
6 t 66
7 t 13
9 t 56
10 t 98
11 t 52
12 t 56
13 t 57
