s 2 72
s 3 20
s 5 78
s 6 14
s 7 42
s 8 100
s 10 22
s 13 98
s 14 12
s 16 88
s 17 84
s 18 55
s 20 49
s 21 76
s 22 14
1 2 60
1 4 64
1 5 69
1 6 74
1 8 72
1 9 56
1 10 88
1 11 66
1 13 13
1 14 40
1 15 73
1 16 81
1 18 13
1 19 35
1 20 71
1 21 34
1 22 79
2 1 60
2 3 38
2 6 38
2 7 67
2 8 30
2 9 50
2 11 74
2 12 61
2 13 15
2 15 27
2 17 67
2 19 49
2 23 65
2 24 81
3 2 38
3 5 68
3 6 36
3 8 27
3 9 45
3 10 11
3 14 24
3 15 85
3 16 38
3 18 78
3 20 15
3 23 97
3 24 92
4 1 64
4 6 82
4 7 60
4 9 10
4 10 72
4 11 85
4 12 59
4 13 96
4 16 44
4 17 39
4 19 92
4 20 62
4 22 63
5 1 69
5 3 68
5 6 36
5 8 93
5 9 34
5 10 51
5 12 32
5 14 38
5 15 66
5 17 22
5 18 99
5 19 73
5 20 71
5 21 26
5 22 39
5 24 44
6 1 74
6 2 38
6 3 36
6 4 82
6 5 36
6 7 67
6 8 15
6 9 56
6 10 98
6 12 82
6 13 60
6 15 18
6 16 91
6 17 39
6 18 33
6 19 36
6 20 75
6 22 28
6 23 82
6 24 100
7 2 67
7 4 60
7 6 67
7 8 40
7 9 18
7 10 68
7 12 87
7 13 31
7 14 69
7 16 70
7 17 38
7 18 97
7 19 68
7 22 46
7 23 52
8 1 72
8 2 30
8 3 27
8 5 93
8 6 15
8 7 40
8 10 17
8 11 11
8 12 18
8 13 88
8 14 24
8 16 98
8 17 13
8 20 91
8 21 28
8 22 29
8 24 92
9 1 56
9 2 50
9 3 45
9 4 10
9 5 34
9 6 56
9 7 18
9 13 59
9 14 14
9 15 76
9 16 17
9 18 45
9 19 43
9 20 38
9 21 15
9 22 70
10 1 88
10 3 11
10 4 72
10 5 51
10 6 98
10 7 68
10 8 17
10 13 14
10 14 78
10 15 82
10 17 71
10 18 50
10 20 50
10 21 62
10 22 90
10 24 92
11 1 66
11 2 74
11 4 85
11 8 11
11 12 64
11 15 63
11 16 16
11 17 34
11 18 41
11 19 67
11 20 82
11 21 14
11 24 71
12 2 61
12 4 59
12 5 32
12 6 82
12 7 87
12 8 18
12 11 64
12 13 10
12 14 98
12 15 80
12 17 27
12 18 47
12 20 41
12 21 31
12 22 72
13 1 13
13 2 15
13 4 96
13 6 60
13 7 31
13 8 88
13 9 59
13 10 14
13 12 10
13 16 80
13 18 71
13 20 24
13 21 74
13 22 91
13 24 62
14 1 40
14 3 24
14 5 38
14 7 69
14 8 24
14 9 14
14 10 78
14 12 98
14 15 52
14 18 73
14 19 62
14 20 92
14 23 78
14 24 78
15 1 73
15 2 27
15 3 85
15 5 66
15 6 18
15 9 76
15 10 82
15 11 63
15 12 80
15 14 52
15 16 88
15 18 51
15 19 92
15 21 36
15 22 34
15 23 18
16 1 81
16 3 38
16 4 44
16 6 91
16 7 70
16 8 98
16 9 17
16 11 16
16 13 80
16 15 88
16 18 94
16 19 60
16 20 21
16 21 75
16 22 96
16 23 44
16 24 68
17 2 67
17 4 39
17 5 22
17 6 39
17 7 38
17 8 13
17 10 71
17 11 34
17 12 27
17 18 79
17 19 49
17 20 71
17 22 93
17 23 56
18 1 13
18 3 78
18 5 99
18 6 33
18 7 97
18 9 45
18 10 50
18 11 41
18 12 47
18 13 71
18 14 73
18 15 51
18 16 94
18 17 79
18 19 76
18 20 100
18 22 93
18 23 46
19 1 35
19 2 49
19 4 92
19 5 73
19 6 36
19 7 68
19 9 43
19 11 67
19 14 62
19 15 92
19 16 60
19 17 49
19 18 76
19 20 24
19 23 25
20 1 71
20 3 15
20 4 62
20 5 71
20 6 75
20 8 91
20 9 38
20 10 50
20 11 82
20 12 41
20 13 24
20 14 92
20 16 21
20 17 71
20 18 100
20 19 24
20 21 31
20 22 26
20 23 83
20 24 18
21 1 34
21 5 26
21 8 28
21 9 15
21 10 62
21 11 14
21 12 31
21 13 74
21 15 36
21 16 75
21 20 31
21 23 73
21 24 57
22 1 79
22 4 63
22 5 39
22 6 28
22 7 46
22 8 29
22 9 70
22 10 90
22 12 72
22 13 91
22 15 34
22 16 96
22 17 93
22 18 93
22 20 26
23 2 65
23 3 97
23 6 82
23 7 52
23 14 78
23 15 18
23 16 44
23 17 56
23 18 46
23 19 25
23 20 83
23 21 73
23 24 23
2 t 81
3 t 92
5 t 44
6 t 100
8 t 92
10 t 92
11 t 71
13 t 62
14 t 78
16 t 68
20 t 18
21 t 57
23 t 23
