s 2 33
s 3 56
s 4 73
s 7 81
s 8 98
s 9 50
s 10 65
s 11 45
s 13 89
s 14 57
s 15 94
s 16 92
s 18 84
s 19 32
1 2 21
1 3 95
1 4 93
1 5 31
1 6 85
1 7 55
1 9 50
1 10 54
1 12 96
1 13 36
1 14 44
1 15 68
1 16 88
1 17 17
1 18 11
1 19 86
2 1 21
2 3 57
2 4 96
2 5 82
2 6 32
2 7 83
2 8 24
2 10 41
2 11 54
2 13 30
2 15 62
2 16 64
2 17 49
2 18 23
2 19 91
3 1 95
3 2 57
3 4 49
3 6 37
3 7 76
3 9 62
3 10 67
3 11 24
3 13 29
3 14 49
3 15 73
3 16 12
3 17 71
4 1 93
4 2 96
4 3 49
4 5 93
4 6 78
4 7 40
4 8 59
4 9 83
4 10 36
4 11 54
4 12 51
4 13 26
4 14 44
4 15 97
4 16 93
4 17 27
4 18 81
4 19 12
5 1 31
5 2 82
5 4 93
5 7 91
5 8 23
5 9 62
5 12 57
5 13 80
5 14 85
5 15 24
5 16 33
5 17 71
5 18 28
5 19 65
6 1 85
6 2 32
6 3 37
6 4 78
6 7 64
6 8 37
6 9 100
6 10 30
6 11 20
6 12 59
6 15 47
6 16 52
6 17 71
6 18 60
6 19 69
7 1 55
7 2 83
7 3 76
7 4 40
7 5 91
7 6 64
7 8 88
7 12 40
7 13 49
7 14 62
7 15 43
7 17 21
7 18 21
7 19 41
8 2 24
8 4 59
8 5 23
8 6 37
8 7 88
8 9 62
8 11 69
8 12 24
8 13 41
8 15 43
8 16 11
8 17 60
8 18 94
9 1 50
9 3 62
9 4 83
9 5 62
9 6 100
9 8 62
9 10 50
9 11 21
9 12 50
9 13 47
9 14 40
9 15 17
9 16 54
9 18 51
10 1 54
10 2 41
10 3 67
10 4 36
10 6 30
10 9 50
10 11 48
10 13 28
10 14 33
10 15 94
10 16 33
10 17 71
10 18 91
10 19 71
11 2 54
11 3 24
11 4 54
11 6 20
11 8 69
11 9 21
11 10 48
11 13 60
11 15 84
11 16 62
11 17 85
11 18 100
11 19 96
12 1 96
12 4 51
12 5 57
12 6 59
12 7 40
12 8 24
12 9 50
12 13 70
12 14 20
12 15 17
12 17 50
12 18 24
12 19 61
13 1 36
13 2 30
13 3 29
13 4 26
13 5 80
13 7 49
13 8 41
13 9 47
13 10 28
13 11 60
13 12 70
13 14 30
13 16 22
13 17 78
13 18 100
13 19 13
14 1 44
14 3 49
14 4 44
14 5 85
14 7 62
14 9 40
14 10 33
14 12 20
14 13 30
14 15 99
14 17 83
14 18 63
15 1 68
15 2 62
15 3 73
15 4 97
15 5 24
15 6 47
15 7 43
15 8 43
15 9 17
15 10 94
15 11 84
15 12 17
15 14 99
15 16 77
15 17 18
15 18 32
15 19 94
16 1 88
16 2 64
16 3 12
16 4 93
16 5 33
16 6 52
16 8 11
16 9 54
16 10 33
16 11 62
16 13 22
16 15 77
16 17 35
16 18 18
16 19 97
17 1 17
17 2 49
17 3 71
17 4 27
17 5 71
17 6 71
17 7 21
17 8 60
17 10 71
17 11 85
17 12 50
17 13 78
17 14 83
17 15 18
17 16 35
17 18 32
17 19 43
18 1 11
18 2 23
18 4 81
18 5 28
18 6 60
18 7 21
18 8 94
18 9 51
18 10 91
18 11 100
18 12 24
18 13 100
18 14 63
18 15 32
18 16 18
18 17 32
18 19 88
1 t 86
2 t 91
4 t 12
5 t 65
6 t 69
7 t 41
10 t 71
11 t 96
12 t 61
13 t 13
15 t 94
16 t 97
17 t 43
18 t 88
