s 4 88
s 6 82
s 7 65
s 8 28
1 2 31
1 3 11
1 4 49
1 5 89
1 6 27
2 1 31
2 3 100
2 4 53
2 5 12
2 6 34
2 7 58
2 8 99
2 9 15
3 1 11
3 2 100
3 5 29
3 6 11
3 7 95
4 1 49
4 2 53
4 5 33
4 6 33
4 7 59
4 9 55
5 1 89
5 2 12
5 3 29
5 4 33
5 6 87
5 8 14
6 1 27
6 2 34
6 3 11
6 4 33
6 5 87
6 8 31
6 9 89
7 2 58
7 3 95
7 4 59
7 8 61
7 9 40
8 2 99
8 5 14
8 6 31
8 7 61
8 9 76
2 t 15
4 t 55
6 t 89
7 t 40
8 t 76
