s 2 45
s 10 71
s 15 89
s 19 19
1 3 81
1 7 21
1 11 87
1 13 70
1 14 58
2 5 71
2 7 63
2 12 28
2 14 100
2 16 87
3 1 81
3 9 18
3 10 60
3 15 46
3 18 27
4 7 79
4 10 92
4 13 44
4 15 100
5 2 71
5 6 46
5 7 15
5 9 84
5 18 74
6 5 46
6 7 23
6 15 88
6 17 87
7 1 21
7 2 63
7 4 79
7 5 15
7 6 23
8 10 43
8 13 49
8 18 93
9 3 18
9 5 84
9 11 94
9 12 65
10 3 60
10 4 92
10 8 43
10 13 54
11 1 87
11 9 94
11 13 14
12 2 28
12 9 65
12 15 20
12 17 72
13 1 70
13 4 44
13 8 49
13 10 54
13 11 14
13 19 78
14 1 58
14 2 100
14 15 54
15 3 46
15 4 100
15 6 88
15 12 20
15 14 54
15 17 91
16 2 87
17 6 87
17 12 72
17 15 91
18 3 27
18 5 74
18 8 93
13 t 78
