s 1 45
s 2 88
s 4 39
s 5 83
s 6 60
s 8 78
s 9 48
s 13 46
s 14 14
s 17 15
s 19 55
1 2 71
1 3 84
1 4 62
1 5 77
1 6 10
1 9 50
1 10 69
1 13 60
1 14 12
1 15 24
1 16 98
1 17 73
1 18 48
1 19 31
2 1 71
2 4 78
2 6 97
2 8 43
2 9 81
2 10 59
2 14 61
2 16 21
2 19 30
3 1 84
3 5 97
3 6 56
3 7 25
3 10 99
3 13 35
3 14 62
3 16 44
3 17 57
3 18 42
3 19 47
4 1 62
4 2 78
4 5 57
4 6 77
4 7 30
4 8 75
4 10 36
4 11 71
4 12 71
4 15 16
4 16 15
4 17 67
5 1 77
5 3 97
5 4 57
5 7 88
5 8 88
5 10 93
5 12 17
5 15 91
5 16 75
5 17 45
6 1 10
6 2 97
6 3 56
6 4 77
6 7 25
6 11 35
6 14 81
6 15 61
6 16 78
7 3 25
7 4 30
7 5 88
7 6 25
7 8 11
7 9 29
7 11 17
7 13 60
7 14 64
7 15 68
7 16 82
7 17 79
7 18 42
8 2 43
8 4 75
8 5 88
8 7 11
8 14 77
8 15 39
8 16 55
8 19 33
9 1 50
9 2 81
9 7 29
9 10 36
9 11 21
9 14 73
9 15 99
9 16 98
9 17 37
9 18 98
9 19 82
10 1 69
10 2 59
10 3 99
10 4 36
10 5 93
10 9 36
10 11 72
10 12 47
10 13 51
10 15 79
10 16 57
10 17 84
10 19 42
11 4 71
11 6 35
11 7 17
11 9 21
11 10 72
11 12 58
11 13 10
11 17 94
11 18 70
12 4 71
12 5 17
12 10 47
12 11 58
12 13 61
12 15 43
12 16 62
12 17 30
12 18 48
13 1 60
13 3 35
13 7 60
13 10 51
13 11 10
13 12 61
13 14 99
13 15 58
13 16 93
13 17 47
13 18 49
13 19 39
14 1 12
14 2 61
14 3 62
14 6 81
14 7 64
14 8 77
14 9 73
14 13 99
14 16 34
14 17 35
15 1 24
15 4 16
15 5 91
15 6 61
15 7 68
15 8 39
15 9 99
15 10 79
15 12 43
15 13 58
15 17 45
15 18 11
15 19 37
16 1 98
16 2 21
16 3 44
16 4 15
16 5 75
16 6 78
16 7 82
16 8 55
16 9 98
16 10 57
16 12 62
16 13 93
16 14 34
16 19 35
17 1 73
17 3 57
17 4 67
17 5 45
17 7 79
17 9 37
17 10 84
17 11 94
17 12 30
17 13 47
17 14 35
17 15 45
17 18 25
17 19 48
18 1 48
18 3 42
18 7 42
18 9 98
18 11 70
18 12 48
18 13 49
18 15 11
18 17 25
18 19 95
1 t 31
2 t 30
3 t 47
8 t 33
9 t 82
10 t 42
13 t 39
15 t 37
16 t 35
17 t 48
18 t 95
