s 1 100
s 2 84
s 3 11
s 4 65
s 7 90
s 9 64
s 10 60
s 11 58
s 13 75
s 15 91
s 16 88
s 19 54
s 20 86
s 21 83
s 22 71
s 23 65
s 24 29
s 25 78
s 27 27
1 2 86
1 4 16
1 5 44
1 6 63
1 7 98
1 8 26
1 9 40
1 11 51
1 12 74
1 13 87
1 14 70
1 15 69
1 17 10
1 19 68
1 20 27
1 21 42
1 22 16
1 24 86
1 26 14
1 28 78
1 29 25
2 1 86
2 3 31
2 4 96
2 5 88
2 6 57
2 7 77
2 9 33
2 10 69
2 12 12
2 13 89
2 14 16
2 15 53
2 16 47
2 18 61
2 20 77
2 24 82
2 25 41
2 26 90
2 29 35
3 2 31
3 4 16
3 5 48
3 7 57
3 8 79
3 9 48
3 10 37
3 12 52
3 13 36
3 14 65
3 17 43
3 18 85
3 19 62
3 21 97
3 24 55
3 26 100
3 28 47
3 29 70
4 1 16
4 2 96
4 3 16
4 5 24
4 6 73
4 8 68
4 9 66
4 10 35
4 12 68
4 13 25
4 14 55
4 15 74
4 16 78
4 17 31
4 18 21
4 19 52
4 20 55
4 23 61
4 26 65
4 27 27
4 29 92
5 1 44
5 2 88
5 3 48
5 4 24
5 6 68
5 7 72
5 8 48
5 9 94
5 11 36
5 12 74
5 13 69
5 14 14
5 16 15
5 17 13
5 18 52
5 21 63
5 22 29
5 24 77
5 25 24
5 27 45
5 28 45
6 1 63
6 2 57
6 4 73
6 5 68
6 7 95
6 9 37
6 11 44
6 12 33
6 13 59
6 15 89
6 17 10
6 18 37
6 19 48
6 20 71
6 21 91
6 22 46
6 23 60
6 24 87
6 25 60
6 28 66
6 29 89
7 1 98
7 2 77
7 3 57
7 5 72
7 6 95
7 8 63
7 11 62
7 15 75
7 16 73
7 17 45
7 18 16
7 20 68
7 23 55
7 24 45
7 25 66
7 26 20
7 27 89
7 28 94
8 1 26
8 3 79
8 4 68
8 5 48
8 7 63
8 9 54
8 13 79
8 14 32
8 15 50
8 17 97
8 18 60
8 19 85
8 20 54
8 21 26
8 22 98
8 23 69
8 24 100
8 26 71
8 27 35
8 29 19
9 1 40
9 2 33
9 3 48
9 4 66
9 5 94
9 6 37
9 8 54
9 10 28
9 11 61
9 15 57
9 18 11
9 20 39
9 22 61
9 23 90
9 24 52
9 26 94
9 27 53
9 28 53
10 2 69
10 3 37
10 4 35
10 9 28
10 12 26
10 13 23
10 14 10
10 15 27
10 16 65
10 17 20
10 19 46
10 20 80
10 21 77
10 22 77
10 23 10
10 24 96
10 25 76
10 26 20
10 27 75
10 28 76
11 1 51
11 5 36
11 6 44
11 7 62
11 9 61
11 13 17
11 14 82
11 15 18
11 16 36
11 17 87
11 18 13
11 19 39
11 21 84
11 23 94
11 25 29
11 27 42
11 28 11
11 29 53
12 1 74
12 2 12
12 3 52
12 4 68
12 5 74
12 6 33
12 10 26
12 14 44
12 15 95
12 16 99
12 17 20
12 19 42
12 20 38
12 21 17
12 22 65
12 23 37
12 24 43
12 25 29
12 28 21
12 29 95
13 1 87
13 2 89
13 3 36
13 4 25
13 5 69
13 6 59
13 8 79
13 10 23
13 11 17
13 14 36
13 15 58
13 16 73
13 18 13
13 19 92
13 22 15
13 24 57
13 26 10
13 27 26
13 28 20
13 29 23
14 1 70
14 2 16
14 3 65
14 4 55
14 5 14
14 8 32
14 10 10
14 11 82
14 12 44
14 13 36
14 15 79
14 17 59
14 18 74
14 19 39
14 20 41
14 21 17
14 22 57
14 25 51
14 26 62
14 27 61
14 28 100
15 1 69
15 2 53
15 4 74
15 6 89
15 7 75
15 8 50
15 9 57
15 10 27
15 11 18
15 12 95
15 13 58
15 14 79
15 16 58
15 17 93
15 18 84
15 19 15
15 20 62
15 22 25
15 23 51
15 25 16
15 27 84
15 29 52
16 2 47
16 4 78
16 5 15
16 7 73
16 10 65
16 11 36
16 12 99
16 13 73
16 15 58
16 17 95
16 18 57
16 19 59
16 20 49
16 21 98
16 22 39
16 23 94
16 24 37
16 25 48
16 26 99
16 27 85
16 28 33
16 29 73
17 1 10
17 3 43
17 4 31
17 5 13
17 6 10
17 7 45
17 8 97
17 10 20
17 11 87
17 12 20
17 14 59
17 15 93
17 16 95
17 19 95
17 20 92
17 21 36
17 23 55
17 25 77
17 26 70
17 27 49
17 28 37
18 2 61
18 3 85
18 4 21
18 5 52
18 6 37
18 7 16
18 8 60
18 9 11
18 11 13
18 13 13
18 14 74
18 15 84
18 16 57
18 19 35
18 20 92
18 22 35
18 24 48
18 25 29
18 26 85
18 27 74
19 1 68
19 3 62
19 4 52
19 6 48
19 8 85
19 10 46
19 11 39
19 12 42
19 13 92
19 14 39
19 15 15
19 16 59
19 17 95
19 18 35
19 20 14
19 21 49
19 22 77
19 23 92
19 24 59
19 27 96
19 28 86
19 29 95
20 1 27
20 2 77
20 4 55
20 6 71
20 7 68
20 8 54
20 9 39
20 10 80
20 12 38
20 14 41
20 15 62
20 16 49
20 17 92
20 18 92
20 19 14
20 21 93
20 22 37
20 25 38
20 28 58
20 29 87
21 1 42
21 3 97
21 5 63
21 6 91
21 8 26
21 10 77
21 11 84
21 12 17
21 14 17
21 16 98
21 17 36
21 19 49
21 20 93
21 22 71
21 25 27
21 26 68
21 27 73
21 28 88
21 29 66
22 1 16
22 5 29
22 6 46
22 8 98
22 9 61
22 10 77
22 12 65
22 13 15
22 14 57
22 15 25
22 16 39
22 18 35
22 19 77
22 20 37
22 21 71
22 23 77
22 24 66
22 26 71
22 27 96
22 28 71
22 29 22
23 4 61
23 6 60
23 7 55
23 8 69
23 9 90
23 10 10
23 11 94
23 12 37
23 15 51
23 16 94
23 17 55
23 19 92
23 22 77
23 25 16
23 26 70
23 27 81
23 28 63
23 29 63
24 1 86
24 2 82
24 3 55
24 5 77
24 6 87
24 7 45
24 8 100
24 9 52
24 10 96
24 12 43
24 13 57
24 16 37
24 18 48
24 19 59
24 22 66
24 26 66
24 29 78
25 2 41
25 5 24
25 6 60
25 7 66
25 10 76
25 11 29
25 12 29
25 14 51
25 15 16
25 16 48
25 17 77
25 18 29
25 20 38
25 21 27
25 23 16
25 26 98
25 29 26
26 1 14
26 2 90
26 3 100
26 4 65
26 7 20
26 8 71
26 9 94
26 10 20
26 13 10
26 14 62
26 16 99
26 17 70
26 18 85
26 21 68
26 22 71
26 23 70
26 24 66
26 25 98
26 27 70
26 29 98
27 4 27
27 5 45
27 7 89
27 8 35
27 9 53
27 10 75
27 11 42
27 13 26
27 14 61
27 15 84
27 16 85
27 17 49
27 18 74
27 19 96
27 21 73
27 22 96
27 23 81
27 26 70
27 28 28
27 29 14
28 1 78
28 3 47
28 5 45
28 6 66
28 7 94
28 9 53
28 10 76
28 11 11
28 12 21
28 13 20
28 14 100
28 16 33
28 17 37
28 19 86
28 20 58
28 21 88
28 22 71
28 23 63
28 27 28
28 29 63
1 t 25
2 t 35
3 t 70
4 t 92
6 t 89
8 t 19
11 t 53
12 t 95
13 t 23
15 t 52
16 t 73
19 t 95
20 t 87
21 t 66
22 t 22
23 t 63
24 t 78
25 t 26
26 t 98
27 t 14
28 t 63
