s 1 38
s 2 67
s 3 21
s 4 69
s 5 63
s 6 10
s 13 51
s 14 80
s 15 20
s 16 58
s 17 47
s 18 75
1 2 87
1 3 15
1 4 19
1 5 37
1 6 79
1 7 20
1 8 47
1 9 79
1 10 76
1 11 49
1 13 81
1 15 91
1 16 57
1 17 37
1 19 73
2 1 87
2 3 25
2 4 88
2 5 99
2 6 10
2 8 72
2 9 11
2 11 43
2 12 95
2 14 15
2 15 82
2 16 89
2 17 56
3 1 15
3 2 25
3 4 63
3 5 69
3 6 75
3 9 51
3 10 61
3 13 82
3 14 92
3 15 23
3 16 84
3 18 53
3 19 58
4 1 19
4 2 88
4 3 63
4 5 73
4 7 10
4 8 42
4 9 15
4 10 25
4 11 72
4 13 37
4 14 72
4 15 76
4 17 69
4 19 96
5 1 37
5 2 99
5 3 69
5 4 73
5 6 16
5 7 50
5 8 35
5 9 52
5 10 23
5 16 36
5 17 10
5 18 53
5 19 37
6 1 79
6 2 10
6 3 75
6 5 16
6 7 48
6 8 27
6 9 54
6 10 16
6 11 47
6 12 100
6 13 80
6 14 57
6 15 61
6 18 83
6 19 11
7 1 20
7 4 10
7 5 50
7 6 48
7 8 73
7 9 57
7 10 46
7 11 85
7 12 82
7 14 43
7 15 14
7 16 58
7 17 86
7 19 10
8 1 47
8 2 72
8 4 42
8 5 35
8 6 27
8 7 73
8 9 28
8 10 19
8 11 41
8 12 87
8 14 28
8 15 32
8 17 90
8 18 10
9 1 79
9 2 11
9 3 51
9 4 15
9 5 52
9 6 54
9 7 57
9 8 28
9 10 29
9 11 66
9 12 33
9 13 15
9 15 28
9 17 53
9 18 58
9 19 97
10 1 76
10 3 61
10 4 25
10 5 23
10 6 16
10 7 46
10 8 19
10 9 29
10 12 94
10 13 32
10 14 79
10 15 67
10 16 37
10 18 66
10 19 83
11 1 49
11 2 43
11 4 72
11 6 47
11 7 85
11 8 41
11 9 66
11 12 68
11 14 100
11 15 35
11 16 81
11 17 86
11 18 65
11 19 26
12 2 95
12 6 100
12 7 82
12 8 87
12 9 33
12 10 94
12 11 68
12 14 53
12 15 29
12 18 56
12 19 57
13 1 81
13 3 82
13 4 37
13 6 80
13 9 15
13 10 32
13 16 80
13 17 62
13 18 30
13 19 46
14 2 15
14 3 92
14 4 72
14 6 57
14 7 43
14 8 28
14 10 79
14 11 100
14 12 53
14 15 24
14 16 41
15 1 91
15 2 82
15 3 23
15 4 76
15 6 61
15 7 14
15 8 32
15 9 28
15 10 67
15 11 35
15 12 29
15 14 24
15 18 17
16 1 57
16 2 89
16 3 84
16 5 36
16 7 58
16 10 37
16 11 81
16 13 80
16 14 41
16 17 86
16 18 67
16 19 11
17 1 37
17 2 56
17 4 69
17 5 10
17 7 86
17 8 90
17 9 53
17 11 86
17 13 62
17 16 86
17 18 70
17 19 84
18 3 53
18 5 53
18 6 83
18 8 10
18 9 58
18 10 66
18 11 65
18 12 56
18 13 30
18 15 17
18 16 67
18 17 70
18 19 47
1 t 73
3 t 58
4 t 96
5 t 37
6 t 11
7 t 10
9 t 97
10 t 83
11 t 26
12 t 57
13 t 46
16 t 11
17 t 84
18 t 47
