s 1 28
s 2 18
s 3 12
s 4 33
s 5 64
s 6 67
s 7 46
s 8 56
s 9 73
s 10 56
s 11 78
s 12 22
s 13 32
s 14 87
s 15 51
s 16 96
s 17 18
s 18 25
s 19 12
1 2 75
1 3 95
1 4 51
1 5 95
1 6 13
1 7 96
1 8 94
1 9 29
1 10 61
1 11 84
1 12 66
1 13 61
1 14 16
1 15 20
1 16 91
1 17 61
1 18 50
1 19 32
2 1 75
2 3 30
2 4 62
2 5 23
2 6 95
2 7 25
2 8 34
2 9 50
2 10 52
2 11 62
2 12 44
2 13 34
2 14 71
2 15 50
2 16 54
2 17 29
2 18 90
2 19 73
3 1 95
3 2 30
3 4 52
3 5 68
3 6 39
3 7 78
3 8 34
3 9 73
3 10 45
3 11 75
3 12 11
3 13 69
3 14 13
3 15 30
3 16 85
3 17 35
3 18 19
3 19 50
4 1 51
4 2 62
4 3 52
4 5 100
4 6 10
4 7 24
4 8 41
4 9 88
4 10 48
4 11 84
4 12 91
4 13 42
4 14 59
4 15 46
4 16 11
4 17 67
4 18 99
4 19 74
5 1 95
5 2 23
5 3 68
5 4 100
5 6 70
5 7 27
5 8 86
5 9 51
5 10 51
5 11 34
5 12 30
5 13 32
5 14 51
5 15 41
5 16 25
5 17 72
5 18 59
5 19 39
6 1 13
6 2 95
6 3 39
6 4 10
6 5 70
6 7 76
6 8 89
6 9 56
6 10 82
6 11 68
6 12 25
6 13 49
6 14 23
6 15 75
6 16 79
6 17 40
6 18 11
6 19 86
7 1 96
7 2 25
7 3 78
7 4 24
7 5 27
7 6 76
7 8 10
7 9 59
7 10 65
7 11 56
7 12 43
7 13 84
7 14 22
7 15 67
7 16 16
7 17 77
7 18 76
7 19 50
8 1 94
8 2 34
8 3 34
8 4 41
8 5 86
8 6 89
8 7 10
8 9 34
8 10 96
8 11 60
8 12 34
8 13 66
8 14 84
8 15 68
8 16 66
8 17 35
8 18 63
8 19 56
9 1 29
9 2 50
9 3 73
9 4 88
9 5 51
9 6 56
9 7 59
9 8 34
9 10 89
9 11 15
9 12 12
9 13 42
9 14 83
9 15 13
9 16 22
9 17 68
9 18 68
9 19 60
10 1 61
10 2 52
10 3 45
10 4 48
10 5 51
10 6 82
10 7 65
10 8 96
10 9 89
10 11 63
10 12 19
10 13 23
10 14 28
10 15 47
10 16 71
10 17 76
10 18 20
10 19 91
11 1 84
11 2 62
11 3 75
11 4 84
11 5 34
11 6 68
11 7 56
11 8 60
11 9 15
11 10 63
11 12 34
11 13 71
11 14 33
11 15 66
11 16 28
11 17 26
11 18 17
11 19 89
12 1 66
12 2 44
12 3 11
12 4 91
12 5 30
12 6 25
12 7 43
12 8 34
12 9 12
12 10 19
12 11 34
12 13 78
12 14 19
12 15 19
12 16 41
12 17 25
12 18 85
12 19 99
13 1 61
13 2 34
13 3 69
13 4 42
13 5 32
13 6 49
13 7 84
13 8 66
13 9 42
13 10 23
13 11 71
13 12 78
13 14 35
13 15 43
13 16 54
13 17 59
13 18 27
13 19 64
14 1 16
14 2 71
14 3 13
14 4 59
14 5 51
14 6 23
14 7 22
14 8 84
14 9 83
14 10 28
14 11 33
14 12 19
14 13 35
14 15 15
14 16 47
14 17 68
14 18 87
14 19 27
15 1 20
15 2 50
15 3 30
15 4 46
15 5 41
15 6 75
15 7 67
15 8 68
15 9 13
15 10 47
15 11 66
15 12 19
15 13 43
15 14 15
15 16 44
15 17 87
15 18 100
15 19 95
16 1 91
16 2 54
16 3 85
16 4 11
16 5 25
16 6 79
16 7 16
16 8 66
16 9 22
16 10 71
16 11 28
16 12 41
16 13 54
16 14 47
16 15 44
16 17 87
16 18 100
16 19 43
17 1 61
17 2 29
17 3 35
17 4 67
17 5 72
17 6 40
17 7 77
17 8 35
17 9 68
17 10 76
17 11 26
17 12 25
17 13 59
17 14 68
17 15 87
17 16 87
17 18 20
17 19 55
18 1 50
18 2 90
18 3 19
18 4 99
18 5 59
18 6 11
18 7 76
18 8 63
18 9 68
18 10 20
18 11 17
18 12 85
18 13 27
18 14 87
18 15 100
18 16 100
18 17 20
18 19 71
1 t 32
2 t 73
3 t 50
4 t 74
5 t 39
6 t 86
7 t 50
8 t 56
9 t 60
10 t 91
11 t 89
12 t 99
13 t 64
14 t 27
15 t 95
16 t 43
17 t 55
18 t 71
