s 3 63
s 5 13
s 7 98
s 8 38
s 12 55
s 13 33
s 15 64
1 2 70
1 4 20
1 6 23
1 7 28
1 8 56
1 12 13
1 13 26
1 14 76
1 15 10
1 18 73
1 19 98
2 1 70
2 3 81
2 6 78
2 8 86
2 9 15
2 11 89
2 12 70
2 13 95
2 15 15
3 2 81
3 4 46
3 8 18
3 11 53
3 13 26
3 18 10
4 1 20
4 3 46
4 6 33
4 9 66
4 13 71
4 16 61
4 17 83
5 7 62
5 8 67
5 10 41
5 11 23
5 12 24
5 14 40
5 17 47
5 19 55
6 1 23
6 2 78
6 4 33
6 7 47
6 9 93
6 12 48
6 15 94
6 17 79
7 1 28
7 5 62
7 6 47
7 8 56
7 9 38
7 11 93
7 13 30
7 15 39
7 16 51
7 18 73
8 1 56
8 2 86
8 3 18
8 5 67
8 7 56
8 11 47
8 12 76
8 14 29
8 15 83
8 17 59
8 18 100
9 2 15
9 4 66
9 6 93
9 7 38
9 10 84
9 11 23
9 12 11
9 13 62
9 14 75
9 19 11
10 5 41
10 9 84
10 16 37
10 17 83
11 2 89
11 3 53
11 5 23
11 7 93
11 8 47
11 9 23
11 12 33
11 16 63
11 18 17
12 1 13
12 2 70
12 5 24
12 6 48
12 8 76
12 9 11
12 11 33
12 18 23
12 19 80
13 1 26
13 2 95
13 3 26
13 4 71
13 7 30
13 9 62
13 14 20
13 16 33
13 17 47
14 1 76
14 5 40
14 8 29
14 9 75
14 13 20
14 17 38
15 1 10
15 2 15
15 6 94
15 7 39
15 8 83
15 17 33
16 4 61
16 7 51
16 10 37
16 11 63
16 13 33
16 18 40
17 4 83
17 5 47
17 6 79
17 8 59
17 10 83
17 13 47
17 14 38
17 15 33
17 18 52
17 19 93
18 1 73
18 3 10
18 7 73
18 8 100
18 11 17
18 12 23
18 16 40
18 17 52
1 t 98
5 t 55
9 t 11
12 t 80
17 t 93
